> main(camera,kurikaeshi=300,seed=2)
--------------------------------------------
No.     = 1  
---------------
AIC     = -1.474268     BIC     = -6.684609 
DUP     = 63  

     [,1] [,2] [,3] [,4]
[1,]    0    0    1    0
[2,]    0    0    0    1
[3,]    0    0    0    1
[4,]    0    0    0    0
--------------------------------------------
No.     = 2  
---------------
AIC     = -1.474268     BIC     = -6.684609 
DUP     = 10  

     [,1] [,2] [,3] [,4]
[1,]    0    1    0    0
[2,]    0    0    0    1
[3,]    1    0    0    1
[4,]    0    0    0    0
--------------------------------------------
No.     = 3  
---------------
AIC     = -1.474268     BIC     = -6.684609 
DUP     = 2  

     [,1] [,2] [,3] [,4]
[1,]    0    1    0    0
[2,]    0    0    0    1
[3,]    0    0    0    1
[4,]    0    0    0    0
--------------------------------------------
No.     = 4  
---------------
AIC     = -1.729979     BIC     = -4.335149 
DUP     = 38  

     [,1] [,2] [,3] [,4]
[1,]    0    0    1    1
[2,]    1    0    0    1
[3,]    0    0    0    1
[4,]    0    0    0    0
--------------------------------------------
No.     = 5  
---------------
AIC     = -1.729979     BIC     = -4.335149 
DUP     = 110  

     [,1] [,2] [,3] [,4]
[1,]    0    1    0    1
[2,]    0    0    0    1
[3,]    0    0    0    1
[4,]    0    0    0    0
--------------------------------------------
No.     = 6  
---------------
AIC     = -1.729979     BIC     = -4.335149 
DUP     = 70  

     [,1] [,2] [,3] [,4]
[1,]    0    0    1    1
[2,]    0    0    0    1
[3,]    0    0    0    1
[4,]    0    0    0    0
--------------------------------------------
No.     = 7  
---------------
AIC     = -0.9565951    BIC     = -3.561765 
DUP     = 41  

     [,1] [,2] [,3] [,4]
[1,]    0    0    0    0
[2,]    1    0    0    0
[3,]    0    0    0    0
[4,]    1    0    0    0
--------------------------------------------
No.     = 8  
---------------
AIC     = -0.9565951    BIC     = -3.561765 
DUP     = 2  

     [,1] [,2] [,3] [,4]
[1,]    0    1    0    1
[2,]    0    0    1    1
[3,]    0    0    0    0
[4,]    0    0    1    0
--------------------------------------------
No.     = 9  
---------------
AIC     = -0.9565951    BIC     = -3.561765 
DUP     = 65  

     [,1] [,2] [,3] [,4]
[1,]    0    0    0    1
[2,]    1    0    1    1
[3,]    0    0    0    0
[4,]    0    0    1    0
--------------------------------------------
No.     = 10  
---------------
AIC     = -0.9565951    BIC     = -3.561765 
DUP     = 9  

     [,1] [,2] [,3] [,4]
[1,]    0    0    0    1
[2,]    0    0    1    1
[3,]    0    0    0    0
[4,]    0    0    1    0
--------------------------------------------
No.     = 11  
---------------
AIC     = -0.9565951    BIC     = -3.561765 
DUP     = 60  

     [,1] [,2] [,3] [,4]
[1,]    0    0    0    0
[2,]    0    0    1    0
[3,]    0    0    0    0
[4,]    0    0    1    0
--------------------------------------------
No.     = 12  
---------------
AIC     = 2.129317      BIC     = -3.081024 
DUP     = 31  

     [,1] [,2] [,3] [,4]
[1,]    0    1    0    0
[2,]    0    0    1    1
[3,]    0    0    0    1
[4,]    0    0    0    0
--------------------------------------------
No.     = 13  
---------------
AIC     = 2.129317      BIC     = -3.081024 
DUP     = 4  

     [,1] [,2] [,3] [,4]
[1,]    0    0    0    0
[2,]    0    0    1    1
[3,]    0    0    0    0
[4,]    0    0    1    0
--------------------------------------------
No.     = 14  
---------------
AIC     = 2.129317      BIC     = -3.081024 
DUP     = 44  

     [,1] [,2] [,3] [,4]
[1,]    0    0    0    0
[2,]    1    0    0    0
[3,]    0    0    0    0
[4,]    0    0    0    0
--------------------------------------------
No.     = 15  
---------------
AIC     = 2.129317      BIC     = -3.081024 
DUP     = 28  

     [,1] [,2] [,3] [,4]
[1,]    0    0    0    0
[2,]    0    0    1    1
[3,]    0    0    0    1
[4,]    0    0    0    0
--------------------------------------------
